[Command: python -u 'C:\Users\Gina\Documents\Master Thesis\Programming\Parser2.0\parser2.py']
1768/1773
17700505
17680411/17680414
17680411/17680414
17700312
17700505
17700319
17680525
17681017
17680530
17680727
17680201
17680504
17680215
17700427/17700428
17700505
17700801
17700801
17700314
17700505
17681227
17690109/17690110
17690123/17690130
17690227
17690301
17690311
17690619
17681028/17681029
17691120
17710814
17711009
17701112
17710320
17710701
17710819
17710814
17710430
17710508
17710814
17711023
17710605
17701217
17701229
17701101
17710415
17701215
17710218
17711230
17710814
17711120
17710814
17711104
17711130
17720330
17710916
17720302
17710924
17720127
17711230
17720505
17711104
17730111
17730326
17720413
17721214
17721223
17730215
17721105
17730111
17730119
17720729
17721012
17721019
17720413
17720330
17730119
17730111
17721214
17721012
17730302
17730510
17721130
17730628
17730308/17730311
17730227
17730222
17720914
17721012
17721026/17721027
[Finished in 0.959s]
